$ 1 0.000005 10.20027730826997 50 5 50 5e-11
r 144 176 208 176 0 10000
r 240 176 304 176 0 10000
r 336 176 400 176 0 10000
r 432 176 496 176 0 10000
r 528 176 592 176 0 10000
R 624 144 624 112 0 0 40 5 0 0 0.5
g 112 176 112 208 0 0
s 608 224 704 224 0 1 false
s 608 256 704 256 0 1 false
s 608 288 704 288 0 1 false
s 608 320 704 320 0 1 false
s 608 352 704 352 0 0 false
s 608 384 704 384 0 1 false
a 784 192 880 192 9 15 -15 1000000 0.999990000099999 1 100000
a 752 320 864 320 9 15 -15 1000000 0.999990000099999 1 100000
w 512 176 496 176 0
w 432 176 416 176 0
w 416 176 400 176 0
w 512 176 528 176 0
w 336 176 320 176 0
w 320 176 304 176 0
w 240 176 224 176 0
w 224 176 208 176 0
w 144 176 128 176 0
w 128 176 112 176 0
w 592 176 608 176 0
w 608 176 624 176 0
w 624 176 624 144 0
w 608 176 608 224 0
w 512 176 512 256 0
w 608 256 512 256 0
w 608 288 416 288 0
w 416 288 416 176 0
w 608 320 320 320 0
w 320 176 320 320 0
w 224 80 224 176 0
w 144 176 144 384 0
w 608 384 144 384 0
w 608 352 224 352 0
w 704 224 704 256 0
w 704 320 704 352 0
w 704 352 704 384 0
w 704 288 704 256 0
w 704 288 704 304 0
w 704 304 704 320 0
w 704 304 752 304 0
w 224 80 736 80 0
w 736 80 736 176 0
w 736 176 784 176 0
w 784 208 784 240 0
w 784 240 880 240 0
w 880 240 880 192 0
w 752 336 752 368 0
w 752 368 864 368 0
w 864 320 864 368 0
w 880 192 912 192 0
174 912 192 976 192 1 100000 0.5 Resistance
r 896 320 960 320 0 100000
w 896 320 864 320 0
g 976 192 976 208 0 0
w 960 320 1008 320 0
w 944 176 944 160 0
w 944 160 1008 160 0
w 1008 160 1008 224 0
r 1008 224 1008 288 0 100000
w 1008 288 1008 320 0
w 1008 320 1040 320 0
174 944 432 1008 432 1 100000 0.5 Resistance
w 1008 432 1040 432 0
w 1040 320 1040 352 0
w 976 416 976 400 0
w 976 400 1008 400 0
w 1008 400 1008 432 0
w 1040 432 1040 416 0
r 1040 352 1040 416 0 100000
R 944 432 896 432 0 2 40 5 0 0 0.5
174 1104 160 1168 160 1 20000 0.5 Resistance
r 1072 224 1072 288 0 1000000
g 1168 160 1168 176 0 0
w 1104 160 1072 160 0
w 1072 160 1072 224 0
w 1072 288 1072 320 0
w 1072 320 1040 320 0
w 1072 320 1120 320 0
w 1136 144 1136 112 0
R 1136 112 1136 80 0 0 40 5 0 0 0.5
r 1120 352 1120 416 0 100000
R 1120 416 1120 448 0 0 40 0 0 0 0.5
w 1120 320 1120 352 0
w 1120 320 1168 320 0
r 1168 224 1168 288 0 100000
174 1232 240 1296 240 1 100000 0.5 Resistance
R 1232 240 1200 240 0 0 40 12 0 0 0.5
g 1296 240 1296 256 0 0
w 1264 224 1264 208 0
w 1264 208 1168 208 0
w 1168 208 1168 224 0
w 1168 288 1168 320 0
w 1168 320 1216 320 0
w 1216 320 1216 352 0
r 1216 352 1216 416 0 470
c 1216 432 1216 464 4 1e-8 2.280173829483095 0.001 0
w 1216 416 1216 432 0
w 1216 464 1216 480 0
g 1216 480 1216 496 0 0
207 1216 320 1280 320 4 CV
x 1092 469 1146 472 4 14 1V_OCT
x 873 470 914 473 4 14 CV_IN
x 1111 71 1165 74 4 14 HF_TRK
x 1246 195 1284 198 4 14 CNTR
x 929 146 960 149 4 14 FINE
w 224 352 224 176 0
x 492 409 715 412 4 14 6-Way\sswitch\s(only\sclose\sI\sat\sa\stime)
