$ 1 0.000005 10.20027730826997 50 5 50 5e-11
172 176 272 128 272 0 7 0 5 0 0 0.5 Voltage
c 192 272 224 272 4 1.0000000000000001e-7 0.025040074626419696 0.001 0
r 240 272 304 272 0 1000000
r 320 192 320 256 0 1500000
r 320 288 320 352 0 470
R 320 176 272 176 0 0 40 12 0 0 0.5
g 320 368 320 384 0 0
207 352 272 400 272 4 FM
w 176 272 192 272 0
w 224 272 240 272 0
w 304 272 320 272 0
w 320 272 352 272 0
w 320 256 320 272 0
w 320 288 320 272 0
w 320 192 320 176 0
w 320 352 320 368 0
x 210 139 304 142 4 24 FM\sInput
x 111 260 153 263 4 14 FM_IN
x 827 133 945 136 4 24 PWM\sInput
172 688 304 656 304 0 7 0 5 0 0 0.5 Voltage
174 688 304 784 304 1 100000 0.5 Resistance
g 784 304 784 336 0 0
r 768 272 816 272 0 470000
r 832 256 832 208 0 470000
r 944 336 896 336 0 100000
207 992 288 1056 288 4 PWM
r 992 304 992 352 0 4700
g 992 352 992 368 0 0
174 960 192 1008 192 1 1000 0.5 Resistance
r 1040 192 1104 192 0 1000
r 944 192 896 192 0 470000
g 1104 192 1104 208 0 0
R 896 192 864 192 0 0 40 12 0 0 0.5
w 960 192 944 192 0
w 1024 192 1040 192 0
w 992 176 992 160 0
w 832 208 832 160 0
w 832 160 992 160 0
a 864 288 960 288 9 15 -15 1000000 0.019531322275829516 0.019531517589052274 100000
w 864 272 832 272 0
w 816 272 832 272 0
w 832 256 832 272 0
w 864 304 864 336 0
w 864 336 896 336 0
w 960 288 960 336 0
w 960 336 944 336 0
w 960 288 992 288 0
w 992 288 992 304 0
w 736 288 736 272 0
w 736 272 768 272 0
x 631 292 687 295 4 14 PWM_IN
403 400 320 528 384 0 7_64_0_4099_0.009765625_0.00009765625_-1_2_7_3
403 1040 336 1168 400 0 25_64_0_4099_0.0390625_0.00009765625_-1_2_25_3
x 702 329 768 332 4 14 PWM\slevel
x 957 216 1028 219 4 14 Pulse\swidth
