$ 1 0.000005 10.20027730826997 50 5 50 5e-11
R 240 336 208 336 0 3 40 5 0 0 0.5
174 256 336 304 336 1 100000 0.8168000000000001 Resistance
r 336 352 336 400 0 470
g 336 400 336 416 0 0
t 368 336 400 336 2 1 -8.654770254113622 0.5300815396142795 100 default
t 528 336 496 336 2 1 -8.645398399269673 0.5280520930104752 100 default
r 416 384 480 384 0 220
r 400 240 400 192 0 10000
r 496 240 496 192 0 10000
r 544 336 544 384 0 470
r 608 336 656 336 0 33000
r 592 208 640 208 0 33000
174 480 448 432 464 1 50000 0.8564 Resistance
r 384 496 432 496 0 68000
g 544 384 544 400 0 0
g 640 208 640 224 0 0
R 384 496 352 496 0 0 40 -12 0 0 0.5
R 448 176 400 176 0 0 40 12 0 0 0.5
w 240 336 256 336 0
w 320 336 336 336 0
w 336 352 336 336 0
w 336 336 368 336 0
w 256 336 256 304 0
w 256 304 288 304 0
w 288 304 288 320 0
w 400 320 400 288 0
w 400 288 400 240 0
w 400 192 448 192 0
w 448 192 448 176 0
w 448 192 496 192 0
w 496 256 496 240 0
w 496 320 496 256 0
w 496 352 496 384 0
w 496 384 480 384 0
w 432 384 416 384 0
w 400 384 400 352 0
w 400 384 400 448 0
w 496 384 496 448 0
w 400 384 416 384 0
w 400 448 416 448 0
w 480 448 496 448 0
w 448 464 448 496 0
w 448 496 432 496 0
w 544 336 528 336 0
a 592 272 672 272 9 15 -15 1000000 8.64505086307646 8.64505284340056 100000
w 400 288 592 288 0
w 496 256 592 256 0
w 592 208 592 256 0
w 592 288 592 336 0
w 592 336 608 336 0
w 656 336 672 336 0
w 672 336 672 272 0
207 672 272 752 272 4 SIN
403 720 320 848 384 0 52_64_0_4099_10_0.00009765625_-1_2_52_3
403 144 384 272 448 0 0_64_0_4099_5_0.000390625_-1_2_0_3
x 345 55 565 58 4 24 Sine\swave\sgenerator
x 269 293 309 296 4 14 Shape
x 185 301 229 304 4 14 TRI_IN
x 418 434 480 437 4 14 Amplitude
