$ 1 0.000005 10.20027730826997 50 5 50 5e-11
R 208 96 208 64 0 0 40 12 0 0 0.5
r 208 112 208 176 0 4700
r 208 224 208 288 0 4700
r 240 320 304 320 0 33000
r 400 320 464 320 0 33000
r 400 432 464 432 0 10000
r 512 432 576 432 0 9100
c 352 352 352 400 4 0.00001 2.4587541667810076 0.001 0
c 176 192 128 192 4 1e-7 7.2293770833677735 0.001 0
34 zener-2.5 1 1.7143528192810002e-7 0 2.0000000000000084 2.5 1
d 208 432 208 368 2 zener-2.5
a 544 336 640 336 9 15 -15 1000000 2.4587041623933636 2.458754166781007 100000
174 688 432 752 416 1 1000 0.7277 Resistance
w 208 96 208 112 0
w 208 176 208 192 0
g 208 480 208 512 0 0
g 352 480 352 512 0 0
w 208 288 208 320 0
w 208 432 208 480 0
w 208 320 240 320 0
w 304 320 352 320 0
w 352 352 352 320 0
w 464 320 544 320 0
w 208 320 208 368 0
w 176 192 208 192 0
w 208 192 208 224 0
w 128 192 96 192 0
w 352 320 400 320 0
w 464 432 496 432 0
w 496 432 496 352 0
w 496 352 544 352 0
w 496 432 512 432 0
w 672 432 688 432 0
w 640 336 784 336 0
w 784 336 784 384 0
w 784 384 784 432 0
w 784 384 720 384 0
w 720 384 720 416 0
w 352 400 352 432 0
w 400 432 352 432 0
w 352 432 352 480 0
g 96 192 80 192 0 0
w 752 432 784 432 0
r 608 432 672 432 0 510
w 576 432 608 432 0
207 784 432 864 432 4 OUT
403 832 480 960 544 0 44_64_0_4099_10_0.00009765625_-1_2_44_3
